10 18 3
11 19 3
12 20 3
13 20 3
14 21 3
15 22 3
16 23 3
17 24 3
18 24 3
19 25 3
20 26 3
21 27 3
22 27 3
23 28 3
24 29 3
25 29 3
26 30 3
27 31 3
28 31 3
29 32 3
30 33 3
31 33 3
32 34 3
33 35 3
34 35 3
35 36 3
36 36 3
37 37 3
38 38 3
39 38 3
40 39 3
41 39 3
42 40 3
43 40 3
44 41 3
45 41 3
46 42 3
47 42 3
48 43 3
49 43 3
50 44 3
51 44 3
52 45 3
53 45 3
54 46 3
55 46 3
56 46 3
57 47 3
58 47 3
59 48 3
60 48 3
61 48 3
62 49 3
63 49 3
64 49 3
65 50 3
66 50 3
67 50 3
68 51 3
69 51 3
70 51 3
71 51 3
72 52 3
73 52 3
74 52 3
75 52 3
76 53 3
77 53 3
78 53 3
79 53 3
80 53 3
81 54 3
82 54 3
83 54 3
84 54 3
85 54 3
86 54 3
87 55 3
88 55 3
89 55 3
90 55 3